1118 6228710870023450848
1263 2154156582386382610
939 6665078994803810105
1204 1568038407049532096
1108 8815861198228465537
484 1714287763473664781
2827 6138026209917716679
1251 2731168220843666672
849 4143436656148421279
1612 2684699010741461162
2076 7246396600815173744
660 1068466573605963320
1693 1082483214998592303
77 2691320486308931298
484 5080790500006190161
2219 4383946547956873650
1922 1774920811279480640
2073 6523722072283601285
3124 9091327932415976897
753 8467959813790799009
1780 9256635041256198138
2130 8289086587906204268
1867 2204567595132800614
269 1913019385006264742
3153 6016379427396152227
1218 7899245046788811917
387 2031408471478287998
2775 7090541094319479157
2937 6644329683973298544
1781 6449915778259284523
1901 3727112187535567015
1021 8437251864566434596
512 4774454769039946422
2970 6317479725899137238
493 8833082619687634618
2505 2865353049009384449
1984 2101306364735782529
1276 1223494033334314437
2144 5892289790525156557
2306 3798378871153352537
2268 7829395436038856955
154 9028276333225725029
1639 5883149860700347035
906 6517931063545516574
3070 7117484625944229812
1101 7991011961977346607
429 2603790079115583703
954 9403253158581111532
1942 5744066719441261278
2694 5698690989209494898
1468 3347700948430330891
470 3673558594853354002
655 9633109261542429591
2990 4188649433673323163
577 3278098571311541076
1648 8033296155040089019
820 9851020849330529958
2322 1360346286055926361
2072 2862280213244349836
344 7082594018748272926
2235 3258027179814673489
1870 6843968373874104631
2868 5037167060458178744
1594 4617608419804325119
1389 6395652712879095231
1601 6925115582412845199
2295 9275829976707402868
55 8943461175862526129
2316 3610280968101458164
2800 7851838970757394452
1462 4598715162445546572
192 3399561810273993388
1181 2194096937619173409
2387 1927477784368382842
288 2931960847140918683
2006 6393029934020685956
2679 2175484023260654855
629 6786348921282228756
1898 7698253124512904834
912 8342666068978418109
130 5781482207689906006
2899 1018594967859059199
3012 6538947715517697631
2912 7095380883898378445
284 5771048597231472871
1028 9773456984003558896
2958 7268849076265939253
2119 1411388021046723619
1791 3276694984616407554
114 2039191905778907050
118 7009987886918154025
393 8447041222398815116
1794 8012357220779069537
967 6985564645568597955
1876 9995493591393048887
3052 4817664221598798823
1855 4806158543187280077
762 1678706138121034416
489 9513998893633399042
1612 4534580441933087597
2474 3244542660484737431
740 3708919855942387968
3231 8135327102486562622
2016 9644942597216714899
18 5398471072957361011
1600 7347325134308808483
382 7784404036117410102
1197 4779454365666180192
1532 9789501932663160268
1640 5105381606516751202
2044 2861017396779219338
3182 1371796298941598407
2425 5565061922046345045
1226 7347796283370943389
1129 9900338018696583528
531 3460730965797759388
1498 2520473274820300687
2423 2285393486836419033
43 5122874130064594404
2491 1403357702502110106
1585 2073780596899619658
836 3029772722492747782
1034 7791329029101766792
2873 6963938920809278273
1447 7918338232197301817
1078 2623828631366063791
2679 2959077031635373034
1825 1691221199676282068
2574 4004394907595011547
474 4477911249431761058
790 1373964853751567688
701 4667602559824012293
472 2566702910910286882
1938 6741294436510231685
173 8455942949635606739
2290 9292120305600984288
494 4813584783823583460
604 1360159953400601864
2748 7952117246678780592
1144 7150167624885660045
1560 6326210465347558110
1890 4950319648864165632
1397 9524448122391279645
2814 9851926123181096953
941 5291385173614290563
2457 4854379374576842015
766 6911176682221506727
1034 5673389844513837446
2774 9347458194241130204
1577 7074078449411331497
2626 8278495006356085273
807 2344272136910283929
1558 9463004391549632533
593 4215426218427668161
3237 1059855099499195672
56 2898697485275044616
1949 8167348161945092361
2262 7628172539872526342
2582 1953506815560790787
1411 6300819129788287609
217 9760799406865191070
452 6622396466220722250
821 5727485501928916075
2830 5515426131878577268
1803 7620104707605927030
1462 7139245805862614478
1497 4237224842197158469
2589 7376116187591959169
329 2892725891472280326
1905 3803703764967526986
119 4227905694701138922
108 2160049467449284666
2340 8401568783469251859
465 6775168231941841114
589 6748062126228003131
1922 9794688892029056801
182 7939668910390397108
1238 7341849528438058814
2057 1831631841357524862
1173 7202374482378081116
232 8057007308100858628
777 6760695695648789927
1947 1673501280933650633
2178 4081027655904825413
2349 7225297859541995727
1735 9817161428569796162
334 7626020808688832921
2748 5287305705586532533
1699 1523293971101144578
2634 7783327193829739094
2271 3102454714904437052
2542 8373520667962149201
570 4708830276056972862
103 6693300886655627211
3226 9457518759421342028
2548 8277722195891858259
3046 9635112757077247328
2267 6615993033819063091
131 8383215684507589549
1726 1802246487146432353
3081 6359147803312888547
1147 5144544420012724652
80 5945255027264376326
1778 1617553968341268570
1095 8645290752795624548
1061 2825643755872960810
356 2401023677026591754
3133 9589493220153045528
660 8186648922743925895
1738 8671679034602743941
322 7370017980591933454
3126 3391230435950370318
746 4867676376888201600
365 6170290030246803515
2452 9277391133951466577
2394 2111645126612272477
605 9416040126346759747
3031 8923594488435871730
779 9521641239936493213
966 5477222699637368091
17 3959206604166108764
1639 6524193342756493823
2531 4006421435442787113
3184 6208249553612693879
2146 6087555883235539918
1803 1967447755531887938
2557 7025872665157291997
3108 5309431755327314494
1706 2959238579902139332
2081 4839028879422750503
2211 3297381060154317943
2302 2103087253713616390
1761 8389034361570540481
220 9181382022004731662
2123 9909872532594009197
2164 5252552139381558016
2519 9078490882372749270
2151 8126301036571793614
1536 2658190861640656464
3031 1390404566080564057
2170 2997981160431838857
1265 1142485253982994653
2454 4889387108179614140
1391 9862886550617835480
2278 3278343261288291403
2014 2822155496891565162
2136 1244426938102590419
1036 4220683562713645401
2083 5463006746028693914
2939 6091243186021536815
1658 1030784153706328712
3263 6979929253481291942
423 1992767274296550406
54 3399804259164398298
973 2400965127016085229
